epoch,train_loss,val_loss,aux_w,fused_loss,seg_loss,rec_loss
0,0.038973,0.013159,1.00,0.000887,0.002645,0.035441
1,0.006952,0.004446,1.00,0.000026,0.000376,0.006550
2,0.002467,0.001777,1.00,0.000017,0.000147,0.002304
3,0.001197,0.001120,1.00,0.000011,0.000075,0.001111
4,0.000681,0.000579,1.00,0.000007,0.000044,0.000629
5,0.000426,0.000365,1.00,0.000006,0.000029,0.000391
6,0.000283,0.000276,1.00,0.000005,0.000020,0.000259
7,0.000198,0.000171,1.00,0.000004,0.000014,0.000179
8,0.000143,0.000125,1.00,0.000004,0.000011,0.000128
9,0.000107,0.000093,1.00,0.000004,0.000008,0.000095
10,0.000081,0.000071,1.00,0.000004,0.000007,0.000071
11,0.000063,0.000059,1.00,0.000003,0.000005,0.000055
12,0.000050,0.000046,1.00,0.000003,0.000004,0.000043
13,0.000041,0.000045,1.00,0.000003,0.000004,0.000034
14,0.000034,0.000036,1.00,0.000003,0.000003,0.000027
15,0.000029,0.000027,1.00,0.000003,0.000003,0.000023
16,0.000024,0.000028,1.00,0.000003,0.000003,0.000019
17,0.000021,0.000020,1.00,0.000003,0.000002,0.000016
18,0.000018,0.000017,1.00,0.000003,0.000002,0.000013
19,0.000016,0.000015,1.00,0.000003,0.000002,0.000012
20,0.000010,0.000009,0.50,0.000002,0.000003,0.000012
21,0.000008,0.000008,0.50,0.000002,0.000002,0.000010
22,0.000008,0.000008,0.50,0.000002,0.000002,0.000010
23,0.000007,0.000008,0.50,0.000002,0.000002,0.000009
24,0.000007,0.000007,0.50,0.000002,0.000002,0.000008
25,0.000007,0.000007,0.50,0.000002,0.000002,0.000008
26,0.000006,0.000006,0.50,0.000002,0.000002,0.000007
27,0.000006,0.000006,0.50,0.000002,0.000002,0.000007
28,0.000005,0.000006,0.50,0.000002,0.000002,0.000006
29,0.000005,0.000005,0.50,0.000001,0.000001,0.000006
30,0.000005,0.000005,0.50,0.000001,0.000001,0.000005
31,0.000004,0.000004,0.50,0.000001,0.000001,0.000005
32,0.000004,0.000004,0.50,0.000001,0.000001,0.000005
33,0.000004,0.000004,0.50,0.000001,0.000001,0.000004
34,0.000004,0.000004,0.50,0.000001,0.000001,0.000004
35,0.000004,0.000003,0.50,0.000001,0.000001,0.000004
36,0.000003,0.000004,0.50,0.000001,0.000001,0.000004
37,0.000003,0.000003,0.50,0.000001,0.000001,0.000004
38,0.000003,0.000003,0.50,0.000001,0.000001,0.000004
39,0.000003,0.000003,0.50,0.000001,0.000001,0.000003
40,0.000001,0.000001,0.00,0.000001,0.000001,0.000003
41,0.000001,0.000001,0.00,0.000001,0.000001,0.000005
42,0.000001,0.000001,0.00,0.000001,0.000001,0.000004
43,0.000001,0.000001,0.00,0.000001,0.000002,0.000004
44,0.000001,0.000001,0.00,0.000001,0.000002,0.000005
45,0.000001,0.000001,0.00,0.000001,0.000002,0.000008
46,0.000001,0.000001,0.00,0.000001,0.000002,0.000010
47,0.000001,0.000001,0.00,0.000001,0.000002,0.000009
48,0.000001,0.000001,0.00,0.000001,0.000002,0.000011
49,0.000001,0.000001,0.00,0.000001,0.000002,0.000015
50,0.000001,0.000001,0.00,0.000001,0.000002,0.000014
51,0.000001,0.000001,0.00,0.000001,0.000002,0.000010
52,0.000001,0.000001,0.00,0.000001,0.000002,0.000025
53,0.000001,0.000001,0.00,0.000001,0.000002,0.000020
54,0.000001,0.000001,0.00,0.000001,0.000002,0.000020
55,0.000001,0.000001,0.00,0.000001,0.000002,0.000026
56,0.000001,0.000001,0.00,0.000001,0.000002,0.000052
57,0.000001,0.000001,0.00,0.000001,0.000002,0.000046
58,0.000001,0.000001,0.00,0.000001,0.000002,0.000086
59,0.000001,0.000001,0.00,0.000001,0.000002,0.000141
60,0.000001,0.000001,0.00,0.000001,0.000002,0.000108
61,0.000001,0.000001,0.00,0.000001,0.000002,0.000145
62,0.000001,0.000001,0.00,0.000001,0.000002,0.000180
63,0.000001,0.000001,0.00,0.000001,0.000002,0.000250
64,0.000001,0.000001,0.00,0.000001,0.000002,0.000196
65,0.000001,0.000001,0.00,0.000001,0.000002,0.000156
66,0.000001,0.000001,0.00,0.000001,0.000002,0.000215
67,0.000001,0.000001,0.00,0.000001,0.000002,0.000222
68,0.000001,0.000001,0.00,0.000001,0.000002,0.000241
69,0.000001,0.000001,0.00,0.000001,0.000002,0.000264
70,0.000001,0.000001,0.00,0.000001,0.000002,0.000282
71,0.000001,0.000001,0.00,0.000001,0.000002,0.000261
72,0.000001,0.000001,0.00,0.000001,0.000002,0.000475
73,0.000001,0.000001,0.00,0.000001,0.000002,0.000357
74,0.000001,0.000001,0.00,0.000001,0.000002,0.000432
75,0.000001,0.000001,0.00,0.000001,0.000002,0.000382
76,0.000001,0.000001,0.00,0.000001,0.000002,0.000482
77,0.000001,0.000001,0.00,0.000001,0.000002,0.000726
78,0.000001,0.000001,0.00,0.000001,0.000002,0.000689
79,0.000001,0.000001,0.00,0.000001,0.000003,0.000600
